local a=game.Players.LocalPlayer;local b=a.Character or a.CharacterAdded:Wait()local c=b:WaitForChild("HumanoidRootPart")local d=game:GetService("ReplicatedStorage")local e=game:GetService("RunService")local f=d.Remotes:WaitForChild("RollFlower")local g=d.Remotes:WaitForChild("Mining")local h=d.Remotes:WaitForChild("UpgradeStat")local i=d.Remotes:WaitForChild("Data")local j={"Sunflower 1","Sunflower 2","Sunflower 3","Sunflower 4"}local k=false;local l;local function m(n)local o,p,q=0,0,0;for r,s in ipairs(n)do o=o+s.Position.X;p=p+s.Position.Y;q=q+s.Position.Z end;local t=o/#n;local u=p/#n;local v=q/#n;return CFrame.new(t,u,v)end;local w=CFrame.new(-3.68071651,147.14917,2.59087896,0.294739813,3.02437932e-08,-0.955577552,-3.36073782e-08,1,2.12838422e-08,0.955577552,2.58412616e-08,0.294739813)local x=CFrame.new(27.9887123,147.14917,3.03761816,-0.0141035793,4.24161328e-08,-0.99990052,7.84437262e-08,1,4.13139034e-08,0.99990052,-7.7853251e-08,-0.0141035793)local y=CFrame.new(26.4466629,147.14917,35.0248566,-0.156921014,3.42076376e-08,-0.987611175,9.25747301e-08,1,1.99275974e-08,0.987611175,-8.830078e-08,-0.156921014)local z=CFrame.new(17.3044987,147.147202,34.1901627,0.999629378,-1.04208375e-09,-0.0272240192,1.19985966e-09,1,5.77913006e-09,0.0272240192,-5.8096532e-09,0.999629378)local A=CFrame.new(18.2048931,147.147202,1.13557732,0.999629378,5.55601254e-09,-0.0272240192,-6.39736575e-09,1,-3.08177093e-08,0.0272240192,3.09804484e-08,0.999629378)local B=CFrame.new(-3.71193027,147.14917,34.3383827,0.41823557,-6.91096602e-08,0.908338606,1.07944274e-07,1,2.63817057e-08,-0.908338606,8.70161827e-08,0.41823557)local C=w;local n={w,x,y,z}local D=m(n)local E=game:GetService("TweenService")local F=game.Players.LocalPlayer;local G=F.Character or F.CharacterAdded:Wait()local H=G:WaitForChild("HumanoidRootPart")local function I(J,K)local L=TweenInfo.new(K,Enum.EasingStyle.Linear,Enum.EasingDirection.InOut)local M={CFrame=J}local N=E:Create(H,L,M)N:Play()N.Completed:Wait()end;local function O()l=coroutine.create(function()while k do I(w,0.2)I(x,0.2)I(y,0.2)I(z,0.2)I(A,0.2)I(B,0.2)I(C,0.2)I(D,0.2)end end)coroutine.resume(l)end;local function P()k=false;if l and coroutine.status(l)~="dead"then coroutine.close(l)end end;local Q={["Process"]={"Processor","Processors"},["Supercharger"]={"Supercharge","OilUpgrades"},["SellRocks"]={"SellAll","OreShop"}}local R=i:InvokeServer()local S={["Cash"]=R["SpaceCurrency"].Cash,["Currency"]=R["Currencies"],["World"]=game.Players.LocalPlayer:GetAttribute("World")}function NearestRock()local T=nil;local U=math.huge;for r,V in pairs(workspace.Debris:GetChildren())do if string.find(V.Name,"-")then local W=(V.WorldPivot.Position-c.Position).Magnitude;if W<U then U=W;T=V end end end;return T end;local X=loadstring(game:HttpGet("https://raw.githubusercontent.com/VeztWare/KavoUi/main/KavoUi.lua"))()local Y=X.CreateLib("Vezt - Sunflower Incremental","VeztPur")local Z=Y:NewTab("Main")local _=Z:NewSection("Beta")local a0=Y:NewTab("Info")local a1=a0:NewSection("Beta 1.0")local a2=Y:NewTab("Debug")local a3=a2:NewSection("nice")_:NewToggle("AutoFarm Space Rocks","?",function(a4)if a4 then rockscon=e.RenderStepped:Connect(function()local a5=NearestRock()g:FireServer(tostring(a5))end)else if rockscon then rockscon:Disconnect()rockscon=nil end end end)_:NewToggle("Auto Roll Flower","?",function(a4)if a4 then rollcon=true;while rollcon and wait(20)do f:FireServer()end else rollcon=false end end)_:NewToggle("Auto Process Oil","?",function(a4)if a4 then process_con=e.Heartbeat:Connect(function()h:FireServer(unpack(Q["Process"]))end)else if process_con then process_con:Disconnect()process_con=nil end end end)_:NewToggle("Auto Supercharge","?",function(a4)if a4 then supercharge_con=e.Heartbeat:Connect(function()h:FireServer(unpack(Q["Supercharger"]))end)else if supercharge_con then supercharge_con:Disconnect()supercharge_con=nil end end end)_:NewToggle("Auto Sell Rocks","?",function(a4)if a4 then sellrocks_con=true;while sellrocks_con and wait(10)do h:FireServer(unpack(Q["SellRocks"]))end else sellrocks_con=false end end)_:NewToggle("AutoFarm Oil","?",function(a4)if a4 then oil_con=e.Heartbeat:Connect(function()for a6,V in pairs(j)do game:GetService("ReplicatedStorage"):WaitForChild("Remotes"):WaitForChild("UpgradeStat"):FireServer(V,"Planting")game:GetService("ReplicatedStorage"):WaitForChild("Remotes"):WaitForChild("UpgradeStat"):FireServer("Collect "..V,"Planting")end end)else if oil_con then oil_con:Disconnect()oil_con=nil end end end)_:NewToggle("AutoFarm Sunflower [beta]","?",function(a4)if a4 then k=true;O()else P()end end)a3:NewButton("Block Favorite Prompt","?",function()local a7=game:GetService('AvatarEditorService')hookfunction(a7.PromptSetFavorite,function(...)end)end)
